889645422220
889645422237
889645422244
889645422251
889645422268
889645422275
889645422282
889645422299
889645080352
889645080369
889645080376
889645080383
889645080390
889645080406
889645080420
889645080437
889645405711
889645405728
889645405735
889645405742
889645405759
889645405766
889645405773
889645414812
889645417158
889645417165
889645417172
889645417189
889645417196
889645417202
889645417219
889645417226
887850698188
887850698195
887850698201
887850698218
887850698225
887850698232
887850698249
887850698256
887850711696
887850711702
887850711719
887850711726
887850711733
887850711740
887850711757
887850711764
887850691837
887850691844
887850691851
887850691868
887850691875
887850691882
887850691899
887850691905
887850696948
887850696955
887850696962
887850696979
887850696986
887850696993
887850697006
887850697013
889645068046
889645068053
889645068060
889645068077
889645068084
889645068091
889645068107
889645068114
887850696467
887850696474
887850696481
887850696498
887850696504
887850696511
887850696528
889645178387
889645178394
889645178400
889645178417
889645178424
889645178431
889645178448
889645178455
889645178462
889645178745
889645178752
889645178769
889645178776
889645178783
889645178790
889645178806
889645178813
887850844561
887850844578
887850844585
887850844592
887850844608
887850844615
887850844622
889645421148
889645421155
889645421162
889645421179
889645421186
889645421193
889645421209
889645421216
887850321024
887850321031
887850321055
887850321062
887850321079
887850321086
887850323110
889645074580
889645074597
889645074603
889645074610
889645074627
889645074634